0 1 3.1225696302036745
1 0 -3.1225696302036745
1 3 -3.7093036708599385
3 1 3.7093036708599385
1 7 -7.086499208920053
7 1 7.086499208920053
3 6 -3.7547073153846147
6 3 3.7547073153846147
3 5 -4.44802309897378
5 3 4.44802309897378
6 4 0.7493317542196043
4 6 -0.7493317542196043
0 2 -2.4796464098680406
2 0 2.4796464098680406
1 2 -5.602216040071715
2 1 5.602216040071715
4 7 -0.3718199768951038
7 4 0.3718199768951038
5 2 2.5551107297620037
2 5 -2.5551107297620037
4 0 3.5921096018212744
0 4 -3.5921096018212744
3 4 -3.0053755611650104
4 3 3.0053755611650104
4 2 1.1124631919532337
2 4 -1.1124631919532337
1 5 -8.15732676983372
5 1 8.15732676983372
2 6 -1.861794946172838
6 2 1.861794946172838