0 68 -2.462315897505057
68 0 2.462315897505057
0 39 -7.644065377881243
39 0 7.644065377881243
0 31 -1.546942806090697
31 0 1.546942806090697
39 81 2.879491413848755
81 39 -2.879491413848755
0 60 -7.580372564413397
60 0 7.580372564413397
81 27 2.6150438156706706
27 81 -2.6150438156706706
81 99 -1.0072649583485953
99 81 1.0072649583485953
39 35 0.6471281614703903
35 39 -0.6471281614703903
35 80 1.4935650969833363
80 35 -1.4935650969833363
39 9 4.358858721284526
9 39 -4.358858721284526
35 88 0.8270798130554815
88 35 -0.8270798130554815
60 62 9.422744667036966
62 60 -9.422744667036966
99 1 -0.7852080489547273
1 99 0.7852080489547273
99 15 6.372383493576243
15 99 -6.372383493576243
35 49 3.5805538089877436
49 35 -3.5805538089877436
62 78 -1.6517890170338063
78 62 1.6517890170338063
9 11 -2.305940274418468
11 9 2.305940274418468
99 65 3.3140672591643785
65 99 -3.3140672591643785
35 5 7.699124306155065
5 35 -7.699124306155065
68 22 -3.1726748461213243
22 68 3.1726748461213243
11 61 1.2851596378528818
61 11 -1.2851596378528818
88 98 6.111006538535552
98 88 -6.111006538535552
78 92 0.16727936038723534
92 78 -0.16727936038723534
80 42 3.5902969628626993
42 80 -3.5902969628626993
99 90 6.785598028067965
90 99 -6.785598028067965
39 83 4.8855838134724685
83 39 -4.8855838134724685
60 20 5.670880797667313
20 60 -5.670880797667313
0 37 -0.8159857895649161
37 0 0.8159857895649161
98 50 -6.403863105243337
50 98 6.403863105243337
90 66 -0.04669115616187014
66 90 0.04669115616187014
50 52 7.911422311154804
52 50 -7.911422311154804
39 73 8.66518662517986
73 39 -8.66518662517986
83 58 4.765437347174696
58 83 -4.765437347174696
35 95 6.7512354565596
95 35 -6.7512354565596
0 43 -7.708678778493448
43 0 7.708678778493448
11 79 6.438512617536
79 11 -6.438512617536
42 36 2.5029109650924806
36 42 -2.5029109650924806
15 82 -3.046531733276609
82 15 3.046531733276609
80 75 7.017005644378821
75 80 -7.017005644378821
82 96 2.0387764296095847
96 82 -2.0387764296095847
37 40 -3.3790968882409054
40 37 3.3790968882409054
81 45 0.5125264318911471
45 81 -0.5125264318911471
20 4 3.1599402815705266
4 20 -3.1599402815705266
75 51 -2.95435807592788
51 75 2.95435807592788
82 97 4.165292194963332
97 82 -4.165292194963332
92 21 -1.1078424969345138
21 92 1.1078424969345138
43 57 1.1957258757785736
57 43 -1.1957258757785736
95 77 -6.230014162633778
77 95 6.230014162633778
61 56 -3.325152442815618
56 61 3.325152442815618
45 44 4.6852304935510185
44 45 -4.6852304935510185
11 8 2.216153698750502
8 11 -2.216153698750502
40 87 -0.3755907508087466
87 40 0.3755907508087466
87 16 -0.10853577633672096
16 87 0.10853577633672096
50 24 7.667929969957226
24 50 -7.667929969957226
60 30 0.565775271143286
30 60 -0.565775271143286
65 74 -5.319637979575479
74 65 5.319637979575479
87 2 -0.955992150219048
2 87 0.955992150219048
8 23 3.3905151548361356
23 8 -3.3905151548361356
11 14 1.9388348448673458
14 11 -1.9388348448673458
81 54 3.969763762040164
54 81 -3.969763762040164
37 18 0.484503860411877
18 37 -0.484503860411877
66 19 -2.044922589813905
19 66 2.044922589813905
18 12 -3.9810431631624468
12 18 3.9810431631624468
92 64 1.0908962298005136
64 92 -1.0908962298005136
51 10 -0.8335899792278241
10 51 0.8335899792278241
95 70 -6.71505023297885
70 95 6.71505023297885
98 47 0.7277398590029991
47 98 -0.7277398590029991
14 72 5.712991798660358
72 14 -5.712991798660358
30 69 1.8270005650089844
69 30 -1.8270005650089844
75 6 -1.8992180175296873
6 75 1.8992180175296873
62 86 -6.601751821098207
86 62 6.601751821098207
57 91 4.880018464577394
91 57 -4.880018464577394
70 85 5.62800065905187
85 70 -5.62800065905187
11 41 -1.066701507832887
41 11 1.066701507832887
96 34 -3.8226712485314707
34 96 3.8226712485314707
80 55 1.4088537343347358
55 80 -1.4088537343347358
34 46 -3.002910248092303
46 34 3.002910248092303
56 53 9.264420711791406
53 56 -9.264420711791406
97 84 -8.695631447888577
84 97 8.695631447888577
55 29 4.511425619368748
29 55 -4.511425619368748
23 71 -4.673087006244399
71 23 4.673087006244399
5 93 -3.990222651097346
93 5 3.990222651097346
8 33 3.8385368541819096
33 8 -3.8385368541819096
84 13 8.614515803115783
13 84 -8.614515803115783
50 59 4.173653752644462
59 50 -4.173653752644462
60 3 4.352173739526891
3 60 -4.352173739526891
10 94 -2.0683627469184276
94 10 2.0683627469184276
58 32 -4.316275984923151
32 58 4.316275984923151
16 17 -0.7062196149081514
17 16 0.7062196149081514
79 89 -0.6888660101231618
89 79 0.6888660101231618
54 67 5.4316317487312915E-5
67 54 -5.4316317487312915E-5
78 26 -5.694156270156746
26 78 5.694156270156746
62 25 -3.645080491127426
25 62 3.645080491127426
10 38 -4.874178005001916
38 10 4.874178005001916
23 48 -4.929838391234003
48 23 4.929838391234003
25 28 0.6762826956797898
28 25 -0.6762826956797898
27 63 -3.3265101701024484
63 27 3.3265101701024484
55 7 -3.6944321707121786
7 55 3.6944321707121786
37 76 -5.590697252357682
76 37 5.590697252357682
25 22 -3.832282355122525
22 25 3.832282355122525
51 9 -1.8444821056201413
9 51 1.8444821056201413
78 47 0.47830590859341626
47 78 -0.47830590859341626
72 29 -1.643772478236551
29 72 1.643772478236551
4 32 -3.559768716981673
32 4 3.559768716981673
26 50 -0.9591407854961735
50 26 0.9591407854961735
14 87 -0.9183613424667287
87 14 0.9183613424667287
2 43 -2.182013199659832
43 2 2.182013199659832
12 66 5.2795930418404975
66 12 -5.2795930418404975
61 3 1.0777884682757977
3 61 -1.0777884682757977
85 25 -0.469957054725624
25 85 0.469957054725624
39 60 0.0636928134678465
60 39 -0.0636928134678465
45 3 1.0238487072548352
3 45 -1.0238487072548352
88 12 1.8573323110398854
12 88 -1.8573323110398854
12 95 4.066823332464233
95 12 -4.066823332464233
65 0 2.457771663216705
0 65 -2.457771663216705
79 44 -0.41418272511113763
44 79 0.41418272511113763
59 96 1.8818494849468301
96 59 -1.8818494849468301
48 12 0.6017913763470641
12 48 -0.6017913763470641
46 19 6.154937588806745
19 46 -6.154937588806745
48 27 2.7647863203007326
27 48 -2.7647863203007326
5 60 -8.282559654157609
60 5 8.282559654157609
64 37 -2.264744465342428
37 64 2.264744465342428
65 30 -4.556825630053406
30 65 4.556825630053406
8 60 -4.205379332148714
60 8 4.205379332148714
41 78 6.848431524437835
78 41 -6.848431524437835
36 68 -3.0521517060327206
68 36 3.0521517060327206
3 95 2.982497065035253
95 3 -2.982497065035253
57 29 6.929860136990842
29 57 -6.929860136990842
73 37 -1.837107036863534
37 73 1.837107036863534
57 95 6.267251142863622
95 57 -6.267251142863622
94 55 0.24815889203004682
55 94 -0.24815889203004682
52 44 -1.0155253796819697
44 52 1.0155253796819697
26 79 6.3509388710877985
79 26 -6.3509388710877985
21 10 -1.5243344792468845
10 21 1.5243344792468845
93 90 4.301794667040015
90 93 -4.301794667040015
90 95 -1.2594608655381343
95 90 1.2594608655381343
78 30 -7.205180378859874
30 78 7.205180378859874
79 45 -5.099413218662156
45 79 5.099413218662156
84 75 8.489959939957998
75 84 -8.489959939957998
83 92 3.116344010385773
92 83 -3.116344010385773
90 70 -7.9745110985169845
70 90 7.9745110985169845
45 5 4.954234621885553
5 45 -4.954234621885553
10 3 -0.9538842946821058
3 10 0.9538842946821058
92 67 -1.1526183316518352
67 92 1.1526183316518352
85 78 1.5233344193679956
78 85 -1.5233344193679956
57 56 -1.1181868332630467
56 57 1.1181868332630467
45 23 4.267569454712794
23 45 -4.267569454712794
94 93 1.054641715769694
93 94 -1.054641715769694
59 69 -2.8985365108424315
69 59 2.8985365108424315
39 12 3.331540285565757
12 39 -3.331540285565757
35 64 8.445695892188365
64 35 -8.445695892188365
70 24 8.165967992724172
24 70 -8.165967992724172
79 6 -1.2329501790991984
6 79 1.2329501790991984
9 46 -3.9475855724989213
46 9 3.9475855724989213
63 19 4.3981856781753725
19 63 -4.3981856781753725
4 40 -5.4455311926302645
40 4 5.4455311926302645
30 64 8.463355969047623
64 30 -8.463355969047623
87 92 4.928535874591566
92 87 -4.928535874591566
48 36 5.504152277190213
36 48 -5.504152277190213
96 57 -6.10574217024301
57 96 6.10574217024301
60 28 6.45394687158933
28 60 -6.45394687158933
33 57 -6.976496524632101
57 33 6.976496524632101
71 6 4.271980591094564
6 71 -4.271980591094564
61 97 6.025292326044186
97 61 -6.025292326044186
85 23 1.3482732563496853
23 85 -1.3482732563496853
80 77 -0.9723438030575142
77 80 0.9723438030575142
89 69 -5.3460964046587796
69 89 5.3460964046587796
88 57 -0.34309549935950345
57 88 0.34309549935950345
1 29 6.973954205611778
29 1 -6.973954205611778
38 64 8.597251210983828
64 38 -8.597251210983828
13 88 -7.808046791464458
88 13 7.808046791464458
12 13 5.950714480424573
13 12 -5.950714480424573
28 67 0.3316698071492299
67 28 -0.3316698071492299
0 56 -7.631139735977921
56 0 7.631139735977921
92 2 -5.884528024810614
2 92 5.884528024810614
72 32 -4.369999914669749
32 72 4.369999914669749
84 99 1.2044874926256117
99 84 -1.2044874926256117
86 90 5.77313882416152
90 86 -5.77313882416152
2 27 3.3771354304717986
27 2 -3.3771354304717986
87 37 3.754687639049652
37 87 -3.754687639049652
36 89 -0.43133613213001
89 36 0.43133613213001
86 81 -0.005194245557849975
81 86 0.005194245557849975
67 12 -3.517769206640649
12 67 3.517769206640649
66 20 -2.876559716271095
20 66 2.876559716271095
67 75 2.308389410626141
75 67 -2.308389410626141
89 27 -2.308029824759471
27 89 2.308029824759471
33 1 -7.020590593253037
1 33 7.020590593253037
4 75 0.26318501012686113
75 4 -0.26318501012686113
24 22 -6.840206743520451
22 24 6.840206743520451
63 86 0.7166605999896278
86 63 -0.7166605999896278
60 33 8.043916186330623
33 60 -8.043916186330623
40 85 2.862331344027589
85 40 -2.862331344027589
79 39 -8.491431064402057
39 79 8.491431064402057
61 75 5.8196208181136075
75 61 -5.8196208181136075
32 44 2.7425031635669077
44 32 -2.7425031635669077
93 49 -0.12834784606997562
49 93 0.12834784606997562
7 62 9.631322658428529
62 7 -9.631322658428529
45 90 5.265806637828223
90 45 -5.265806637828223
6 21 -0.3643955583791323
21 6 0.3643955583791323